p 510 509 2 6
dam_criteria energy sed_trap status biodiversity ghg dor
node_criteria connectivity sediment
d 1 30.0 0.0 1 0.0558924815145 0.0 0.0
d 2 27.5 0.0 1 0.0510028977759 0.0 0.0
d 3 17.5 0.0 1 0.0264155076414 0.0 0.0
d 4 22.97 0.0 1 0.025994556423 0.0 0.0
d 5 26.5 0.0 1 0.0448413055356 0.0 0.0
d 6 25.3 0.0 1 0.041322755511 0.0 0.0
d 7 10.2 0.0 1 0.0287902893075 0.0 0.0
d 8 7.3 0.0 1 0.00290640219123 0.0 0.0
d 9 9.4 0.0 1 0.0158136313299 0.0 0.0
d 10 10.5 0.78945799 1 0.0132001150699 0.0 1.425251682
d 11 56.1 0.0 1 0.0230331985299 0.0 0.0
d 12 35.3 0.357380819 1 0.0139990585974 0.0 0.155549095
d 13 65.0 0.864991017 1 0.0624002763081 0.3 1.043983362
d 14 75.0 0.920126254 1 0.061063710531 0.7 3.308949824
d 15 6.2 0.936969696 1 0.00181303878151 0.0 1.406237958
d 16 6.13 0.0 1 0.00676040417349 0.0 0.0
d 17 6.23 0.0 1 0.00181303878151 0.0 0.0
d 18 2.55 0.943520337 1 0.00111002544634 0.0 3.875030449
d 19 120.0 0.951871866 1 0.0323487668211 0.6 21.6712207
d 20 1.97 0.0 1 0.0411396639912 0.0 0.0
d 21 93.0 0.0 1 0.0109124244936 0.3 0.0
d 22 54.0 0.945336058 1 0.0575097435596 1.7 25.74764797
d 23 7.5 0.830396114 1 0.0009451008072 0.0 0.536075336
d 24 124.0 0.950805078 1 0.0674798939319 1.0 12.85125018
d 25 990.0 0.0 0 85.8092305447 87.9 0.002114112
d 26 425.0 0.918220289 0 8.50249873785 11.7 270.1063997
d 27 100.0 0.95766114 0 0.0219248866626 0.9 24.95358421
d 28 3251.0 0.945201762 0 6.26841337827 86.6 392.5749827
d 29 3000.0 0.839959461 0 1069.55004561 316.6 144.2193169
d 30 133.7 0.93684531 0 0.102565395918 1.1 3.965083124
d 31 84.9 0.850189785 0 0.559414938504 1.0 8.926584979
d 32 101.6 0.900534688 0 0.503272426166 1.8 16.48284694
d 33 500.0 0.857613429 0 1.3757253466 5.5 40.50944856
d 34 170.0 0.694604471 0 1.9297520517 3.9 21.18043177
d 35 320.0 0.571388212 0 1.9451523234 2.4 11.18744918
d 36 520.0 0.783840685 0 1.9904191252 4.8 33.88448752
d 37 130.0 0.728570731 0 1.08045588783 3.3 14.72121447
d 38 420.0 0.865054324 0 1.2438395926 5.0 44.45710086
d 39 400.0 0.92030559 0 2.7828557625 37.8 246.8309773
d 40 740.0 0.872701517 0 2.3811145017 13.4 94.95341541
d 41 85.0 0.0 1 0.0295994326425 0.0 0.0
d 42 116.0 0.0 1 0.040132494684 0.0 0.0
d 43 290.2 0.852140006 1 0.100240288443 1.7 3.941173243
d 44 2.0 0.0 1 4.45377438936 0.0 0.0
d 45 30.0 0.0 1 4.45377438936 0.0 0.0
d 46 261.0 0.0 1 4.45377438936 0.0 0.065797054
d 47 5.3 0.420730426 1 0.774644861934 0.7 0.840771458
d 48 7.0 0.0 1 0.40595931593 0.0 0.0
d 49 4.0 0.550891957 1 0.261616170143 0.4 0.929858996
d 50 5.0 0.0 1 0.0925327958149 0.0 0.0
d 51 3.0 0.89639652 1 0.00936047826021 0.1 1.918271788
d 52 1.0 0.908438179 1 0.00229600000115 0.0 0.954263364
d 53 3.0 0.588869577 1 0.00809742652677 0.0 0.141838809
d 54 2.0 0.383749639 1 0.0244372464 0.1 0.088415386
d 55 3.0 0.45085654 1 0.00712962263377 0.0 0.107474374
d 56 1.48 0.0 1 0.0494570512548 0.0 0.0
d 57 27.0 0.0 1 0.0279428946314 0.0 0.0
d 58 120.0 0.698975731 1 0.190212351753 0.5 2.699755988
d 59 5.0 0.0 1 0.104881831987 0.0 0.0
d 60 30.0 0.0 1 0.186082825421 0.0 0.08502006
d 61 20.0 0.0 1 0.0765873659045 0.0 0.007301424
d 62 10.0 0.598184577 1 0.186082825421 0.4 1.308139008
d 63 29.9 0.513192071 1 0.524713433942 0.3 1.063354693
d 64 30.0 0.0 1 1.82438954243 0.1 0.12342497
d 65 29.0 0.0 1 1.44714003606 0.0 0.0
d 66 13.0 0.031498074 1 1.79252500405 0.3 0.16592903
d 67 21.0 0.03732024 1 1.5731080497 0.3 0.284587515
d 68 16.0 0.119369041 1 1.5561698222 0.4 0.472020223
d 69 18.6 0.000251473 1 1.58063830388 0.3 0.208134618
d 70 18.0 0.392034843 1 0.556908539534 0.1 0.841161208
d 71 22.0 0.086291014 1 0.543389876593 0.1 0.250304514
d 72 29.0 0.216830937 1 0.53706109071 0.3 0.46200442
d 73 17.0 0.0 1 1.52312063648 0.1 0.164500238
d 74 74.5 0.84559828 1 1.81301295658 25.7 13.67108914
d 75 8.0 0.398586001 1 0.328971229764 0.1 0.59431568
d 76 5.0 0.484726364 1 0.71397504 0.2 0.714225401
d 77 216.0 0.867481259 1 10.4412695661 76.4 8.973586499
d 78 20.0 0.781494551 1 2.85464387144 1.8 3.392666506
d 79 17.0 0.659418944 1 2.20944233086 0.7 2.610280455
d 80 17.0 0.825280743 1 1.72963738481 1.6 1.798373589
d 81 3568.0 0.090417741 1 686.677558493 34.5 3.088910131
d 82 3750.0 0.086149795 1 667.748389961 32.9 3.325730032
d 83 73.5 0.75672051 1 0.8953395984 2.9 4.103042597
d 84 11.0 0.424317351 1 0.00876369854464 0.0 0.001996541
d 85 18.2 0.07038002 1 2.90411445917 0.4 0.282736628
d 86 1.26 0.40574734 1 0.0541982983776 0.1 0.064025694
d 87 9.6 0.0 1 0.555077472352 0.3 0.086377363
d 88 30.3 0.569790673 1 2.60848628151 9.9 1.323988129
d 89 240.0 0.570963092 1 9.3539395497 23.4 5.774845278
d 90 374.4 0.0 1 12.719981916 4.0 0.32773837
d 91 10.0 0.874060162 1 0.3974986656 5.7 2.813013439
d 92 25.0 0.895326024 1 1.31331218788 10.2 18.79306442
d 93 250.0 0.944626194 1 7.39359482283 300.7 152.1816887
d 94 5.0 0.782311493 0 1.30936926263 0.4 0.645986334
d 95 700.0 0.376476764 1 25.9539467198 8.4 2.42844418
d 96 14.0 0.739288735 1 0.33110440209 0.9 1.952847899
d 97 15.0 0.582941837 1 0.39678147495 0.4 0.90108612
d 98 9.0 0.885277561 1 0.113094498825 0.4 5.556218799
d 99 13.0 0.832424702 1 0.15675576503 1.4 2.326381672
d 100 10.0 0.618321647 1 0.424396768635 0.7 0.744944639
d 101 6.0 0.0 1 0.72788358132 0.0 0.0
d 102 19.5 0.0 1 1.78517738007 0.0 0.053108017
d 103 1820.0 0.305019109 1 25.6990780809 19.1 2.291513165
d 104 300.0 0.574423069 1 10.3231603535 21.9 6.770359182
d 105 1.52 0.75133239 1 0.107308864404 0.1 0.942798027
d 106 6.0 0.188566015 1 0.280459635925 0.2 0.346091378
d 107 11233.0 0.350021373 1 1551.38353541 65.7 4.650047677
d 108 29.0 0.450648943 1 1.18727258838 1.2 1.313892965
d 109 1.6 0.786296592 1 0.00332377404496 0.1 0.226550375
d 110 2.0 0.626706236 1 0.00515005129291 0.0 0.016091718
d 111 796.4 0.390083126 0 48.4706500359 33.5 4.294219055
d 112 199.0 0.494355093 0 3.4955743264 2.1 2.102017501
d 113 72.0 0.35001647 0 3.562041104 3.2 1.071704551
d 114 70.0 0.346887637 0 3.4042652928 3.0 1.276369834
d 115 708.0 0.519843375 0 36.46140096 71.2 6.833971453
d 116 9.8 0.682166704 0 0.275057498381 0.4 1.578777837
d 117 2.5 0.0 0 0.00848735341139 0.0 0.000583144
d 118 13.0 0.772698357 0 0.198963910284 0.5 3.771343721
d 119 3509.0 0.562661145 0 34.7569776736 36.2 7.603231313
d 120 1461.0 0.175123438 0 34.2309561888 13.6 2.286242998
d 121 1248.0 0.653267038 0 31.5808082912 131.1 15.98873615
d 122 1.88 0.558580258 0 0.0941337162528 0.2 0.342124319
d 123 206.0 0.766605817 0 2.07028009009 4.2 6.214406036
d 124 194.0 0.338584882 0 20.5442823078 21.0 2.618711295
d 125 415.0 0.409384813 0 13.4775603832 11.5 1.681529485
d 126 140.0 0.44356134 0 7.0410708151 12.1 2.1120875
d 127 510.0 0.418608508 0 21.9996265331 28.0 3.102595151
d 128 29.7 0.728602594 0 0.615434989586 1.5 2.064234373
d 129 241.2 0.798522753 0 5.59633442107 41.5 8.885603086
d 130 73.0 0.375952036 0 1.37657700906 0.6 0.342200414
d 131 64.0 0.209761939 0 1.85917651399 0.3 0.303700294
d 132 3.3 0.0 0 0.368595107713 0.0 0.010900124
d 133 17.5 0.662283013 0 0.44624890092 0.9 2.113227727
d 134 134.0 0.85520091 0 2.97768568948 36.8 17.71448754
d 135 4.9 0.183748848 0 0.304629539444 0.2 0.24709352
d 136 4.4 0.0 0 0.301835841269 0.0 0.076130486
d 137 3.4 0.0 0 0.367684626246 0.0 0.00984001
d 138 30.0 0.221302179 0 1.55959551541 0.6 0.239821975
d 139 46.0 0.168581671 0 1.56346062923 0.3 0.572783694
d 140 6.5 0.0 0 1.62234041242 0.1 0.018378841
d 141 22.0 0.384862588 0 1.54508005912 1.5 1.49437187
d 142 7.0 0.0 0 1.48411374777 0.1 0.04191663
d 143 30.0 0.0 0 0.327256598986 0.0 0.106557971
d 144 18.6 0.721124221 0 0.357798920903 0.8 3.148670684
d 145 24.0 0.524538258 0 1.44493280274 2.1 1.167043483
d 146 24.0 0.788806744 0 0.27858075042 1.4 1.431090133
d 147 3.0 0.156319981 0 0.12269443702 0.0 0.02559027
d 148 35.0 0.325255649 0 2.19624269529 0.9 1.305333144
d 149 24.9 0.854723471 0 0.629992866166 6.8 6.345282124
d 150 24.4 0.657883863 0 1.26157236221 3.1 2.596146766
d 151 14.0 0.62755384 0 0.497822763471 1.4 2.219858898
d 152 24.5 0.0 0 0.40170686133 0.0 0.086004674
d 153 107.0 0.787870415 0 1.30680135655 3.3 3.966351538
d 154 5.0 0.297750724 0 0.110988215018 0.0 0.098311423
d 155 1.9 0.264498951 0 0.062647366397 0.0 0.12839728
d 156 2.1 0.885791017 0 0.00064802595082 0.0 0.036534625
d 157 9.5 0.212234845 0 0.197040502987 0.0 0.297565626
d 158 4.6 0.0 0 0.111002210518 0.0 0.028501829
d 159 4.3 0.066417892 0 0.117289591902 0.0 0.048301768
d 160 225.0 0.677474276 0 13.2835362766 71.7 7.760820694
d 161 4.75 0.077617945 0 0.118149095853 0.0 0.041987557
d 162 3.2 0.877935781 0 0.00153037016383 0.0 0.114393578
d 163 12.5 0.784980595 0 0.23009162464 1.5 4.026298961
d 164 23.0 0.744153797 0 0.196127790773 0.5 1.23748758
d 165 1.75 0.0 0 0.054212964775 0.0 0.022635764
d 166 1.15 0.824651596 0 0.0267351356 0.2 1.951119834
d 167 5.45 0.40591589 0 0.048294953363 0.0 0.248054586
d 168 1.3 0.249166272 0 0.095872282898 0.1 0.060947242
d 169 5.35 0.0 0 0.071189577092 0.1 0.030452866
d 170 20.5 0.632509922 0 0.39909136619 1.2 1.705286519
d 171 8.0 0.795939294 0 0.21001282823 1.2 3.532496704
d 172 13.08 0.905068746 0 0.098337743702 1.7 2.144462886
d 173 3.5 0.174520798 0 0.172356690175 0.1 0.256146405
d 174 61.0 0.747726764 0 1.41034300231 8.8 4.31667938
d 175 16.0 0.531085676 0 0.34892767849 0.6 1.260237282
d 176 25.6 0.65899911 0 1.11450415213 2.4 3.531731126
d 177 117.0 0.717790386 0 2.52545587137 2.8 5.121505366
d 178 350.0 0.485624926 0 22.4269463558 16.4 3.290820443
d 179 10.5 0.520694055 0 1.10072163386 1.6 0.803227154
d 180 12.0 0.509300126 0 1.7232565626 0.3 1.961714993
d 181 12.0 0.738270558 0 1.09729858118 0.9 3.471854018
d 182 512.0 0.916586425 0 18.9263409046 121.9 107.9395615
d 183 10.9 0.232087091 0 2.39959804365 1.7 0.507654044
d 184 15.0 0.464902195 0 1.65733644918 1.7 1.162941043
d 185 1.44 0.09378256 0 0.0181795586752 0.0 0.033591829
d 186 292.0 0.105351688 0 6.4879096463 1.6 0.725540387
d 187 831.0 0.761656006 0 11.1592821469 33.9 14.32413709
d 188 26.0 0.5274803 0 0.743858138125 0.7 1.597289704
d 189 20.0 0.155347283 0 0.90895324486 0.3 0.266959009
d 190 30.0 0.05696437 0 0.797716991485 0.1 0.145578577
d 191 26.0 0.641021785 0 0.96231522643 2.0 1.18612204
d 192 66.0 0.389674678 0 8.0739446755 0.6 1.570316652
d 193 95.0 0.753764384 0 8.53643624198 3.3 7.496959955
d 194 27.0 0.330429008 0 8.76802052454 1.3 0.983552424
d 195 8.0 0.0 0 1.31851294368 0.1 0.095630214
d 196 24.0 0.0 0 0.455382549328 0.1 0.059605068
d 197 24.0 0.0 0 0.454816925304 0.3 0.095659208
d 198 24.0 0.383815512 0 0.252508524072 1.6 0.346401739
d 199 24.0 0.211752573 0 0.45184451536 1.6 0.516365381
d 200 29.0 0.0 0 0.247914838864 0.1 0.052237185
d 201 275.0 0.724641128 0 4.33510938315 7.6 1.22537543
d 202 30.0 0.0 0 1.7820279436 0.1 0.116025965
d 203 8.0 0.0 0 2.23482620466 0.6 0.142200493
d 204 27.0 0.0 0 1.23757396056 0.1 0.077273003
d 205 400.0 0.791001542 0 9.3896560548 42.0 27.94412931
d 206 53.0 0.666965955 0 2.36105261595 7.6 9.412488069
d 207 15.0 0.190322647 0 2.45319101275 0.3 0.018676846
d 208 23.0 0.540198833 0 2.44634894461 1.0 0.171844139
d 209 6133.0 0.419610369 0 470.878650387 92.0 6.087020826
d 210 2338.0 0.252860122 0 136.490781233 82.3 3.278724809
d 211 881.0 0.610980213 0 12.8294912767 9.4 4.301870965
d 212 528.0 0.596102151 0 12.5494474609 14.9 5.244431752
d 213 802.0 0.751992899 0 18.710778163 53.5 3.471928465
d 214 227.0 0.688078609 0 11.9780640269 54.3 10.56964274
d 215 3336.0 0.368833707 0 120.296255564 78.5 7.209731486
d 216 115.5 0.887403456 0 4.42292080743 43.5 30.98553592
d 217 267.8 0.749534214 0 10.4469063858 29.8 13.13714802
d 218 458.2 0.766851761 0 16.7921420697 53.6 9.526639557
d 219 131.0 0.703237461 0 1.97796805308 16.3 8.371965071
d 220 361.1 0.608565914 0 5.2229846682 26.1 6.855862993
d 221 399.8 0.582027946 0 5.67090429696 29.4 2.976894281
d 222 140.5 0.765091505 0 1.18502416176 4.1 12.48062773
d 223 15.8 0.095087138 0 0.835569527007 0.7 0.620446486
d 224 13.4 0.053265131 0 0.713622373514 0.4 0.428804191
d 225 150.0 0.51030066 0 6.16291120337 10.2 2.761224074
d 226 252.0 0.091083292 0 10.7087866416 4.2 0.375547665
d 227 34.0 0.320891602 0 0.51737117327 0.1 0.577255309
d 228 53.0 0.911162839 0 0.851574735415 13.9 14.09240881
d 229 68.0 0.316797111 0 3.48588046889 2.8 1.160252631
d 230 26.0 0.0 0 1.52899136535 0.1 0.060610712
d 231 75.0 0.201568807 0 6.05220505314 5.7 0.264100104
d 232 9.8 0.791730854 0 0.289944813062 0.2 1.008422579
d 233 24.5 0.881063566 0 0.271894933465 0.3 4.155893615
d 234 4.0 0.820900419 0 0.220364193369 0.4 2.185039784
d 235 14.0 0.371455532 0 2.07122326824 0.7 0.226308833
d 236 10.7 0.0 0 1.81757620761 0.1 0.067138068
d 237 40.0 0.463616766 0 1.603906646 0.2 0.564912187
d 238 30.0 0.707417405 0 0.717588118219 0.2 1.2188843
d 239 6.0 0.817893595 0 0.283327569939 0.4 0.378550907
d 240 5.5 0.803615479 0 0.273470335853 0.3 0.933175781
d 241 6.8 0.592658207 0 0.238994322376 0.1 0.479900395
d 242 10.1 0.252479374 0 0.224378917702 0.0 0.124490984
d 243 3.0 0.837687362 0 0.17900195289 0.4 1.963963261
d 244 3.4 0.870812041 0 0.116632599532 0.2 0.010980136
d 245 3.0 0.902350359 0 0.11023381304 0.4 1.309775243
d 246 8.8 0.874716837 0 0.0936643550702 0.1 2.162045908
d 247 1.35 0.860390672 0 0.083287705398 0.3 2.320850369
d 248 34.0 0.693674963 0 2.17959253496 1.5 1.090416306
d 249 22.5 0.677267482 0 0.907034860065 0.4 0.463281936
d 250 11.5 0.678097925 0 0.718581635962 0.5 0.670919146
d 251 9.5 0.511077562 0 0.62344610975 0.2 0.403865548
d 252 22.0 0.81249787 0 0.60960733087 0.5 2.495306237
d 253 7.0 0.382734011 0 0.575914247965 0.1 0.341551903
d 254 5.8 0.796871151 0 0.172122519928 0.1 0.612047175
d 255 5.1 0.77943832 0 0.145162158921 0.1 0.79147109
d 256 1.65 0.857162901 0 0.104281086235 0.3 1.46086989
d 257 9.6 0.459274331 0 0.970158828091 0.4 0.209836568
d 258 8.2 0.645483007 0 0.877729605421 0.9 1.023954897
d 259 6.9 0.78046022 0 0.347383136958 0.4 1.550507354
d 260 1.45 0.821045154 0 0.110680021895 0.4 0.931302479
d 261 7.5 0.802296588 0 0.532965443118 0.7 1.601568117
d 262 9.0 0.570931644 0 0.459518923218 0.1 0.659958074
d 263 870.4 0.838145975 0 0.27307493576 23.7 17.51987038
d 264 177.8 0.72687736 0 0.24818460432 44.5 10.48138054
d 265 225.7 0.498350149 0 0.17233791072 4.0 3.062525262
d 266 140.5 0.414648527 0 0.1677560736 4.7 2.502624085
d 267 186.3 0.362174528 0 0.16756632392 2.8 2.10664206
d 268 104.1 0.424904717 0 0.16863330184 6.6 2.511397641
d 269 9.4 0.427728692 0 0.223515175842 0.1 0.300083048
d 270 5.2 0.550930931 0 0.113521170641 0.1 0.461053008
d 271 7.9 0.853369368 0 0.0511317808785 0.1 2.584824214
d 272 14.0 0.29070991 0 1.91261370186 1.1 0.09225816
d 273 8.7 0.577633999 0 0.988996426912 1.7 1.45754681
d 274 3.4 0.0 0 0.684398737984 0.1 0.04239415
d 275 6.0 0.779280783 0 0.104487567309 0.1 0.942829971
d 276 3.9 0.783158428 0 0.086418440992 0.2 1.504992853
d 277 1.75 0.833533474 0 0.0660544948544 0.3 2.128249367
d 278 4.05 0.615648963 0 0.193026512491 0.5 1.922598774
d 279 3.41 0.461090746 0 0.217446478488 0.3 0.984442579
d 280 3.88 0.527196824 0 0.233228954593 0.5 1.295087691
d 281 4.45 0.56990035 0 0.250878565902 0.6 1.425704899
d 282 3.32 0.41087865 0 0.283045936843 0.5 0.700310806
d 283 4.24 0.56171662 0 0.317558639805 1.0 1.097205709
d 284 10.0 0.186443045 0 0.328577576198 0.1 0.254682351
d 285 12.53 0.424786791 0 0.349069150002 0.2 0.573122663
d 286 17.04 0.655464752 0 0.533905805416 1.1 2.622138657
d 287 10.65 0.290808736 0 0.5440849045 0.3 0.525323723
d 288 21.76 0.702362801 0 0.615330975766 1.5 2.528619161
d 289 13.2 0.387806096 0 0.65530363565 0.6 0.503448283
d 290 14.85 0.357771565 0 0.690549894705 0.5 0.335800989
d 291 18.38 0.0 0 0.694573573423 0.1 0.049320448
d 292 24.15 0.295358463 0 0.717085976647 0.3 0.143666305
d 293 12.0 0.0 0 0.9820621054 0.2 0.019388606
d 294 7.5 0.360961091 0 0.22003931992 0.1 0.37862657
d 295 4.3 0.068343926 0 0.215513141916 0.0 0.122293149
d 296 3.9 0.229650729 0 0.0934876483253 0.0 0.090572618
d 297 3.2 0.58319537 0 0.112138448499 0.2 0.391764842
d 298 3.4 0.740601796 0 0.0579959830491 0.1 1.215515923
d 299 11.1 0.039697356 0 0.754803123375 0.2 0.15819455
d 300 11.1 0.212835754 0 0.741999239023 0.5 0.397256856
d 301 10.4 0.203521254 0 0.701850422955 0.4 0.456746528
d 302 6.1 0.526960276 0 0.0943498902489 0.0 0.655387505
d 303 4.6 0.812703927 0 0.0892898918526 0.2 3.647593806
d 304 13.0 0.036799219 0 0.012517001028 0.0 0.021286436
d 305 13.0 0.63487992 0 0.208782052174 0.2 1.618238681
d 306 10.0 0.245354395 0 0.218141485453 0.1 0.298039577
d 307 5.5 0.123596183 0 0.318106188205 0.1 0.015269437
d 308 6.7 0.411679966 0 0.30045378162 0.4 0.220132297
d 309 6.6 0.371832808 0 0.26883024694 0.3 0.316519075
d 310 8.9 0.686143591 0 0.196168084312 0.5 1.137373166
d 311 5.9 0.473947354 0 0.181765890645 0.2 0.587373181
d 312 6.5 0.586142398 0 0.174212167534 0.3 1.040821362
d 313 6.5 0.624422656 0 0.163826916392 0.3 1.32129694
d 314 2.55 0.943260333 0 0.0141282781196 0.3 6.019760901
d 315 5.7 0.912424927 0 0.0082784474115 0.1 2.582804364
d 316 1.09 0.792819927 0 0.0263793584986 0.2 1.596648314
d 317 2.55 0.889852028 0 0.00572375227564 0.0 1.08393168
d 318 5.55 0.888323581 0 0.0119801372265 0.0 1.722094671
d 319 11.8 0.313859682 0 1.20687683917 1.2 1.089738376
d 320 28.0 0.447385521 0 1.40879866113 1.1 1.824794501
d 321 23.8 0.168168168 0 1.42414594623 0.4 0.525991682
d 322 21.9 0.390651263 0 2.04985720989 2.7 1.534246671
d 323 30.0 0.824119148 1 0.166477117622 0.4 4.201409973
d 324 665.0 0.785865861 0 7.10825379893 6.2 9.252240632
d 325 3.0 0.053442787 0 10.2107849638 0.5 0.766986372
d 326 45.4 0.842021706 1 0.0695260453123 0.0 1.227301303
d 327 6.8 0.0 1 0.00162632042669 0.0 0.0
d 328 73.0 0.891480961 1 0.1645327728 0.6 1.81532385
d 329 28.05 0.0 1 0.304455167584 0.0 0.000907331
d 330 156.0 0.0 1 4.73692368969 0.0 0.027366312
d 331 216.0 0.0 1 4.94747687972 0.0 0.0
d 332 10.4 0.0 1 0.767338251048 0.0 0.0
d 333 37.5 0.0 1 0.00149517473867 0.0 0.0
d 334 38.1 0.281519489 1 0.157820148099 0.0 0.165671789
d 335 1587.0 0.555467137 1 2.00451740117 2.0 1.560339438
d 336 49.95 0.0 1 0.289530545087 0.0 0.023215815
d 337 170.0 0.815476887 1 1.58190842752 1.1 6.113170019
d 338 180.0 0.291388138 1 0.569735773985 0.1 0.139889898
d 339 2.4 0.0 1 0.016537600138 0.0 0.0
d 340 3.96 0.029635352 1 0.0609228835584 0.0 0.026576802
d 341 2.25 0.01903969 1 0.0460243207288 0.0 0.037277745
d 342 10.32 0.515374247 1 0.0110223359666 0.0 0.03034373
d 343 2.15 0.0 1 0.0131042543798 0.0 0.0
d 344 6.2 0.256457215 1 0.0307665635855 0.0 0.00574559
d 345 1500.0 0.0 1 2.96657731412 0.4 0.020222233
d 346 198.2 0.0 0 5.44872031538 0.0 0.140828044
d 347 4.0 0.0 0 0.16116269765 0.0 0.028356886
d 348 4.6 0.058160821 0 0.0649987701138 0.0 0.012277496
d 349 31.62 0.0 0 0.1968886194 0.0 0.010899267
d 350 5.6 0.741259576 0 0.00115662366437 0.0 0.051581764
d 351 97.67 0.439712067 0 0.289530545087 0.0 0.235287072
d 352 1440.0 0.63770176 0 4.61069148398 0.8 1.845414566
d 353 47.0 0.358307218 0 0.189763106864 0.0 0.181103396
d 354 261.0 0.5685945 0 0.271374477903 0.1 0.640034122
d 355 1800.0 0.600952337 0 4.1039354527 1.1 2.24054872
d 356 39.2 0.602964354 0 0.0192852767456 0.0 0.146618766
d 357 84.7 0.483819594 0 0.125648443994 0.0 0.273215508
d 358 51.1 0.204646751 0 0.0464925013128 0.0 0.089739228
d 359 77.3 0.49352419 0 0.0556423265556 0.0 0.265834077
d 360 25.6 0.096191358 0 0.626723371889 0.0 0.122571081
d 361 40.1 0.05278814 0 0.715086848262 0.0 0.086453329
d 362 9.27 0.0 0 0.454446409615 0.0 0.008905239
d 363 3.0 0.36279957 0 0.00932793427476 0.0 0.010980886
d 364 24.2 0.230732336 0 0.158769975604 0.0 0.049388393
d 365 27.0 0.0 0 0.216685505717 0.0 0.01091018
d 366 270.0 0.546085192 0 0.335401991238 0.1 0.46424587
d 367 26.0 0.325283543 0 0.092504268402 0.0 0.079100327
d 368 1172.0 0.598381375 0 1.49819608721 0.3 1.087274382
d 369 748.0 0.644906959 0 0.736775204104 0.2 0.517650715
d 370 460.0 0.04813569 0 4.10525971891 0.2 0.207605719
d 371 25.0 0.12960504 0 0.295721658707 0.0 0.021084358
d 372 170.0 0.0 0 4.54106843282 0.1 0.300383193
d 373 596.0 0.019467918 0 2.14581650235 0.0 0.103479131
d 374 3600.0 0.725974377 0 10.8835555873 3.8 11.30334552
d 375 5.85 0.338501767 0 0.0147844992232 0.0 0.078263333
d 376 16.8 0.0 0 0.12855178957 0.0 0.011057168
d 377 6.6 0.437090895 0 0.0569186797986 0.0 0.052845498
d 378 14.7 0.056602591 0 0.254336390116 0.0 0.05774299
d 379 18.7 0.0 0 0.125912510368 0.0 0.031560618
d 380 30.0 0.402211583 0 0.135146334612 0.0 0.181124869
d 381 22.28 0.592485029 0 0.161685827669 0.0 0.102863634
d 382 138.0 0.0 1 0.233430445397 0.0 0.015251019
d 383 10.2 0.0 1 0.09088231653 0.0 0.0
d 384 30.0 0.23027516 1 0.0444736858866 0.0 0.011601601
d 385 49.71 0.267129733 1 0.508978192664 0.0 0.191320153
d 386 7.59 0.278495292 1 0.0341623289588 0.0 0.019358515
d 387 50.0 0.120647473 1 0.287502005617 0.0 0.06136106
d 388 39.5 0.429548129 1 0.147747542477 0.0 0.138403136
d 389 9.1 0.263545757 1 0.0313792440432 0.0 0.026620801
d 390 456.0 0.761409869 1 1.0948067171 0.6 6.064728095
d 391 2.24 0.0 1 0.00274850313775 0.0 0.0
d 392 4.7 0.0 1 0.00563239936056 0.0 0.0
d 393 5.4 0.0 1 0.0535930864896 0.0 0.0
d 394 110.0 0.216443745 1 0.732098161249 0.4 0.252116825
d 395 110.0 0.908901394 0 0.565384501149 2.9 12.72584885
d 396 3.18 0.0 1 0.0179612654617 0.0 0.0
d 397 5.4 0.0 1 14.7737479769 0.0 0.0
d 398 5.0 0.0 1 0.331920767443 0.0 0.0
d 399 12.67 0.771389738 1 0.0744453064308 0.3 0.77910514
d 400 3.59 0.0 1 0.00702044385596 0.0 0.0
d 401 4.3 0.0 1 0.0319427048796 0.0 0.0
d 402 113.68 0.803929076 1 0.527653671054 0.6 3.793776492
d 403 134.0 0.869751884 1 0.412002437985 0.9 6.900901148
d 404 5.9 0.0 1 0.458652235148 0.0 0.0
d 405 43.0 0.0 1 0.500922929001 0.0 0.0
d 406 152.0 0.0 1 0.617311908146 0.0 0.044261517
d 407 13.33 0.0 1 0.644376337885 0.0 0.0
d 408 54.4 0.567056915 1 0.28694821056 0.4 3.660503101
d 409 9.0 0.0 1 0.310747077216 0.0 0.0
d 410 5.6 0.0 1 0.449284261912 0.0 0.0
d 411 9.0 0.95589148 1 0.00627624935328 0.6 15.37322501
d 412 513.0 0.0 1 1.43008509984 2.6 0.345789125
d 413 3.84 0.0 1 0.0657838681632 0.0 0.0
d 414 798.0 0.0 1 0.908097929952 0.1 0.162356041
d 415 192.0 0.558726298 1 1.95013712121 0.7 3.233451942
d 416 210.0 0.587150964 1 1.36150418016 2.3 5.432665797
d 417 6.2 0.796985264 1 0.108530304079 0.0 2.273665647
d 418 3.86 0.505701326 1 0.0280883211484 0.0 0.772496531
d 419 16.2 0.86549664 0 0.135720502338 0.2 3.267090249
d 420 80.0 0.931756298 0 0.109795214117 1.3 15.19655668
d 421 5.8 0.759711772 0 0.0524092902252 0.1 1.158416263
d 422 115.0 0.500440879 0 1.94310148148 0.8 1.614678518
d 423 345.0 0.75827752 0 1.9274031452 2.8 6.367122785
d 424 459.0 0.843294381 0 1.73244456953 5.1 15.97785078
d 425 94.0 0.879102961 0 0.184665616348 0.8 4.197126725
d 426 264.0 0.899569157 0 0.295464837348 1.7 7.007030855
d 427 180.0 0.715475234 0 0.396000104412 1.1 1.429890633
d 428 1000.0 0.746272312 0 15.5028916189 36.1 22.22035306
d 429 372.0 0.797017365 0 0.967704562752 1.8 9.049980482
d 430 4.8 0.2522899 0 0.729095901768 0.1 0.650346363
d 431 70.0 0.901892681 0 0.0893395204481 0.4 6.082606426
d 432 205.8 0.792461218 0 0.831937547038 1.1 2.528242606
d 433 120.0 0.798441865 0 1.5940509056 2.2 2.974694628
d 434 380.0 0.854946505 0 1.89095134575 4.6 10.30696852
d 435 256.0 0.899260788 0 0.262793874385 1.1 3.393103875
d 436 2200.0 0.947540293 0 5.96750730745 48.1 162.1807997
d 437 315.0 0.90854079 0 0.466360938082 2.4 16.23000995
d 438 300.0 0.0 0 15.0061398784 2.7 0.244036673
d 439 1525.0 0.0 0 14.8222344827 111.4 0.095173564
d 440 4500.0 0.950050541 0 71.056648276 696.9 377.6078245
d 441 1800.0 0.909817409 0 17.1107304825 111.5 50.99467713
d 442 825.0 0.709180855 0 7.65947264916 1.9 7.638413944
d 443 350.0 0.556782884 0 6.92866350308 2.2 3.832125368
d 444 330.0 0.0 0 6.7792758888 0.0 0.080998793
d 445 600.0 0.822904494 0 6.76073556188 4.7 20.20600743
d 446 600.0 0.661696285 0 6.74256905276 4.1 7.500833736
d 447 730.0 0.640182935 0 7.65483168008 4.6 5.558111931
d 448 340.0 0.378764502 0 6.248195427 1.1 2.672964613
d 449 915.0 0.681695287 0 6.1485502082 7.1 10.19346852
d 450 20.0 0.874779516 0 0.0690538155164 0.2 0.006484352
d 451 290.0 0.832930034 0 5.80960475488 7.1 32.01186318
d 452 240.0 0.692768652 0 4.005086241 2.2 8.228592293
d 453 64.2 0.0 0 3.99333448164 0.0 0.02412062
d 454 61.0 0.23814048 0 3.90708639368 0.4 1.187565514
d 455 16.6 0.861590757 0 0.0806494328848 0.2 0.015253207
d 456 320.0 0.375580585 0 3.77439819828 0.5 2.349783385
d 457 240.0 0.745113995 0 4.41162771408 3.2 11.62174491
d 458 390.0 0.542004592 0 3.38117354636 1.1 5.234447292
d 459 300.0 0.797166553 0 2.8122764648 1.9 17.706592
d 460 220.0 0.611038009 0 2.66219512684 1.0 5.978801549
d 461 140.0 0.802225012 0 1.26767793933 0.8 7.666023294
d 462 180.0 0.551607175 0 1.24994063662 0.6 2.038122469
d 463 25.0 0.882439479 1 0.0449659323016 0.1 1.464885171
d 464 200.0 0.451496107 0 1.18806991424 0.3 1.527611961
d 465 210.0 0.846278039 0 0.875699130052 1.1 9.769104381
d 466 160.0 0.776319264 0 2.49916569296 2.0 16.04148435
d 467 154.1 0.0 0 42.3508833475 13.0 0.209714613
d 468 4.0 0.927100696 0 0.00551243693088 0.0 1.868778175
d 469 300.0 0.924225733 0 0.90783524788 6.1 9.760043293
d 470 100.0 0.961482604 0 0.00903938376315 0.3 4.048568907
d 471 192.0 0.906675549 0 0.36439385828 1.4 3.154310026
d 472 20.0 0.854341526 1 0.106595672254 0.2 2.050554682
d 473 10.0 0.719343815 1 0.103975472416 0.1 0.25219125
d 474 10.0 0.816659008 1 0.0582900696636 0.1 0.193389734
d 475 579.0 0.48062693 0 38.7264771008 8.9 5.555271181
d 476 607.0 0.843715872 0 4.81769243658 8.4 7.596217935
d 477 64.0 0.702357402 0 0.544303303425 0.3 0.574053911
d 478 195.0 0.937882383 0 0.112098845678 0.9 4.479038865
d 479 1286.0 0.723353941 0 37.5506403404 28.0 20.6399725
d 480 620.0 0.515176356 0 36.3545089632 9.6 9.188913377
d 481 97.5 0.0 0 0.396290890519 0.8 0.024548747
d 482 1379.0 0.849095797 0 28.3833637449 95.8 48.66299146
d 483 286.0 0.503231016 0 1.50888226464 1.8 3.089891208
d 484 800.0 0.737876249 0 1.69319101536 6.5 6.733624286
d 485 750.0 0.738298649 0 1.74028244448 4.4 5.407645526
d 486 20.0 0.865403141 0 0.0144546424146 0.2 2.476671195
d 487 62.06 0.242293782 0 2.15845905569 0.2 0.891988828
d 488 19.42 0.224639764 0 2.27988135024 0.2 0.867732852
d 489 280.0 0.547957984 0 1.96505582263 0.6 2.977968313
d 490 327.9 0.777313211 0 3.70899987686 4.3 9.80279542
d 491 49.7 0.302261721 0 1.99469873158 0.2 1.098192492
d 492 188.59 0.728559207 0 1.88758894229 1.5 8.123868954
d 493 90.7 0.505778258 0 2.1510664729 0.6 2.569466527
d 494 1074.0 0.816846449 0 25.0576625872 13.0 39.97241597
d 495 100.0 0.371115205 0 2.01565892603 1.8 3.737630938
d 496 942.0 0.836660948 0 6.89129078778 13.5 22.7291964
d 497 268.0 0.585473404 0 0.425393129216 1.0 2.814195535
d 498 150.0 0.825106994 0 0.44035274605 0.7 7.729558401
d 499 69.9 0.699538036 0 0.461287476706 0.3 2.635817348
d 500 98.7 0.761645047 0 0.22525071638 1.3 0.917111551
d 501 350.0 0.610436569 0 0.51641848664 1.6 2.46101151
d 502 750.0 0.846321851 0 0.49434815556 7.6 17.35167833
d 503 20.0 0.345781787 0 0.40745395558 0.3 1.077138471
d 504 19.9 0.619559395 1 0.0843071555521 0.0 0.122157334
d 505 19.9 0.722641392 1 0.0993621886894 0.1 0.178688091
d 506 19.9 0.805874078 1 0.0843071555521 0.1 0.367239226
d 507 19.9 0.538557156 1 0.812158014016 0.3 1.165230415
d 508 18.4 0.479090145 1 0.812287695916 0.2 1.477768484
d 509 12.8 0.224800322 1 0.460378259293 0.0 0.181193887
n 0 30128378.7642 55.336082413
n 1 2896308.0324 0
n 2 96675.0704656 0.0333612666396
n 3 2499.54017729 0.00175587298894
n 4 2065.00612855 0.000677931738473
n 5 93.4413460514 1.1362017961e-05
n 6 62.0825543241 9.872781044e-06
n 7 2342.48983557 0.00109520055469
n 8 282.82808585 6.48416734592e-06
n 9 118349.438646 0.00942632954479
n 10 13698.5670962 0
n 11 176955.534956 0
n 12 34923.5015072 0
n 13 62201.3441948 0
n 14 15704.6543256 0.0149990860172
n 15 208357.567315 0.0193675201795
n 16 316.174121848 0
n 17 806.375114051 0
n 18 2306.20520644 1.24917786283
n 19 60.7515116166 0.0113511961562
n 20 41502.4850655 0.232040579021
n 21 57301.2571882 14.9428491158
n 22 17123.7594479 0.541531654555
n 23 314061.819913 37.1220057371
n 24 1864.4750118 0.254370098381
n 25 1722.11865502 0.318637922338
n 26 210203.509644 11.6778494798
n 27 650394.913891 10.3469611758
n 28 3933.9631821 0.000364759968842
n 29 176742.561365 0
n 30 821107.806613 3.89772497206
n 31 214.069509884 0
n 32 94533.0340394 0
n 33 1625.42908149 0.0021332183569
n 34 19824.5522427 0.0582566543841
n 35 37644.2093124 0.0527888754859
n 36 39371.4571517 0.0399331451334
n 37 68545.5534721 0.120617551389
n 38 164310.344264 0.171118242455
n 39 51382.3364289 0.0863136222168
n 40 3710.61433566 0.00111827028503
n 41 1018.22881982 9.1846907073e-05
n 42 804.138320229 2.152832404e-05
n 43 146040.890205 0.105397577349
n 44 3158.77391841 0.0152083983252
n 45 47467.9521526 0.0974381987847
n 46 249.303345684 5.52892318676e-05
n 47 13855.1597759 0.000458894069102
n 48 2216.61954972 0.000387199148789
n 49 2713.86513282 0.000941724581131
n 50 72890.4598166 0.373835408266
n 51 1931.84467361 0.902521166016
n 52 624.109404525 0.278738703057
n 53 3221.03723001 2.48329265431
n 54 6294.50699594 3.32850448145
n 55 435.198282585 0.316390187223
n 56 268.136583794 0.0138010141836
n 57 476.222904635 0.0388539597807
n 58 9323.59480422 4.2511982295
n 59 2690.0039391 1.88773776833
n 60 900.492405775 0.722724574077
n 61 671.15366044 1.04247579798
n 62 282.724571914 0.245665860567
n 63 31.3724086643 0.0431156752783
n 64 30.7579989386 0.0583555392783
n 65 243.636277026 0.347095905181
n 66 945.976127644 0.722347319903
n 67 133.590743876 0.06297389804
n 68 142.609462315 0.111760112326
n 69 68.4693261489 0.0490791326339
n 70 560.624517436 0.216951453498
n 71 1391.88325824 1.08172041597
n 72 470.524743701 0.352619283769
n 73 3295.23546025 1.85995684599
n 74 28667.4665373 5.54340835702
n 75 40765.7458046 4.37906507394
n 76 8839.89458937 0.353436398054
n 77 2879.26204634 0.10559554837
n 78 128570.881866 22.72653495
n 79 289.881480601 0.164764535308
n 80 42.2538149533 0.0166104388451
n 81 171.775959626 0.0627779568791
n 82 532.546136411 0.0102077777049
n 83 329.259654131 0.110914998292
n 84 6601.44287738 2.1991371852
n 85 15523.0004124 3.70973021526
n 86 4967.73864399 0.683002587623
n 87 634.558173213 0.107530156768
n 88 1388.81331104 0.122131336614
n 89 14211.9491153 3.27246803417
n 90 2956.96460478 0.672493628021
n 91 8842.73546011 1.4726009878
n 92 1222.01689288 0.703829558875
n 93 13334.8558376 3.09947637326
n 94 9583.01146405 3.33476436793
n 95 18771.8904295 4.52939096329
n 96 339.828004823 0.0706769594683
n 97 1341.04250915 0.620902734968
n 98 5370.18611662 0.999143136326
n 99 11287.0276588 3.12794530649
n 100 164.929438555 0.0356539441834
n 101 13596.5722631 5.54353213618
n 102 4452.76837105 1.51567478597
n 103 5795.98941384 1.87736700208
n 104 28788.2773463 11.2640319068
n 105 1108.15576584 0.669407207246
n 106 142.107076367 0.106990418521
n 107 519.130072649 0.17731824543
n 108 1704.20767396 0.558433816957
n 109 6460.34499511 1.68061921311
n 110 1313.04124051 0.353122865404
n 111 18798.8885597 4.90637607821
n 112 631.724776102 0.282289113941
n 113 1224.00200221 0.80579398836
n 114 16.7191652515 0.00135442332079
n 115 815.414828723 0.436501032535
n 116 1791.52914945 0.922889391164
n 117 155.76823206 0.194870642887
n 118 6354.52785786 1.01005830858
n 119 1142.31217668 0.968953217604
n 120 11.5694107575 0.00255382758351
n 121 1482.58890322 0.898988296355
n 122 28.8225664 0.000375851285852
n 123 2175.36759149 1.94962205093
n 124 1996.01050695 0.941756263942
n 125 4111.70151777 2.10938726905
n 126 16672.0243608 5.07043694917
n 127 8.30451767148 0.00696308289225
n 128 673.021586577 0.416562236153
n 129 166.536616639 0.000973987704546
n 130 28849.3042926 5.1310026502
n 131 1792.7844467 0.206069984994
n 132 574.327319665 0.225302767017
n 133 546.02352478 0.322625802654
n 134 3847.16317984 0.967773136604
n 135 5807.99476268 2.16577086768
n 136 1713.95369445 0.973317083366
n 137 207.576915641 0.0851939122815
n 138 146.470622205 0.0133352779669
n 139 1756.22394584 0.468907462093
n 140 380.804458177 0.525944159106
n 141 2352.75155154 0.993628264134
n 142 30056.2788835 10.1402299311
n 143 5481.52491762 2.50965102394
n 144 1282.11208557 0.580624331816
n 145 6.53057 0.00228500617876
n 146 5.28211691711 0.0138580300912
n 147 369.502219185 0.379429261832
n 148 1518.44859906 1.68206272806
n 149 8907.00752691 3.72085736242
n 150 3618.38135222 1.11751114961
n 151 2163.0046971 1.14717530173
n 152 1170.36767529 0.0213584582341
n 153 6840.57799302 0.29906431584
n 154 32722.732905 3.31851545501
n 155 617.833705097 0.060050936558
n 156 988.407876012 0.596875674564
n 157 2241.53056854 0.299210530469
n 158 4478.97934876 2.21370712299
n 159 6913.93033733 2.2523388355
n 160 18901.7000607 7.62732604454
n 161 1547.15795965 0.480289040132
n 162 57.1085362972 0.0322803000227
n 163 147.664502935 0.0684394382747
n 164 30925.8289395 9.68415715386
n 165 1889.30643809 1.09159032114
n 166 206.701007346 0.0717233842988
n 167 3003.3011969 1.78306583769
n 168 769.382768883 0.314397297787
n 169 469.639073886 0.139472515206
n 170 1765.27008153 0.668240625236
n 171 33773.8475538 8.65987450763
n 172 2044.9888881 0.476803387715
n 173 1199.74464441 0.167872279785
n 174 9730.00569952 1.91706162443
n 175 49534.5150215 1.56879328154
n 176 56229.5033039 4.69220840381
n 177 83799.4658658 6.7557871182
n 178 41070.7392608 6.86526839201
n 179 1069.96260048 0.416189444409
n 180 860.858278952 0.115461731593
n 181 670.583617048 0.316204405239
n 182 4778.86395747 2.5499234012
n 183 82.1093112446 0.0467064747674
n 184 1813.37980022 0.690650473755
n 185 5500.09292063 2.78417941389
n 186 996.410947505 0.331297387502
n 187 144.912130799 0.019044709672
n 188 106.181554319 0.084681347314
n 189 5863.42869659 2.17060150596
n 190 415.152066246 0.421478638315
n 191 856.181679158 0.48108657247
n 192 1283.27097857 0.598311412899
n 193 1792.51576507 0.960348876258
n 194 5382.35803168 2.88287450606
n 195 89317.3745942 9.17758450556
n 196 7842.91611095 1.39221316411
n 197 1600.48737007 0.850801004239
n 198 84193.7942922 22.1963669776
n 199 7144.77190698 1.54726980159
n 200 43495.3878143 12.4883443987
n 201 2864.10659819 0.734220713492
n 202 73590.1230437 9.1677457439
n 203 4770.33279202 0.761383348744
n 204 115059.145165 19.0705279475
n 205 25076.8308628 6.64506251512
n 206 10395.8526611 3.03464818459
n 207 12241.259332 2.3292293653
n 208 72778.0304075 12.6429582464
n 209 67859.9185317 10.902686723
n 210 4582.3860305 0.400567353
n 211 578.964545083 0.180385756766
n 212 7631.72700157 1.30631543649
n 213 33116.5862036 2.32131933519
n 214 28202.6147875 0
n 215 608.972688085 0
n 216 62274.0637544 0
n 217 459613.76874 0
n 218 4639475.5947 9.21337517691
n 219 494.418823355 0.000790036000663
n 220 147.750872152 0.00257393037608
n 221 763.918927262 0.00874440489855
n 222 308.035498383 0.0026140026795
n 223 155.152516918 0.00140209820302
n 224 130.430716723 0.00132379303763
n 225 114.873807122 0.00152214145979
n 226 611.503059608 0.00273311759062
n 227 30.1711557035 0.000399744150136
n 228 230.541661006 0.000437508479978
n 229 548.047869641 0.00106120678716
n 230 1738.24996588 0.619627053208
n 231 1191.88305445 0.180251445583
n 232 50574.9442992 1.10374474816
n 233 1660740.27476 13.2706101169
n 234 84959.2090611 8.55709651289
n 235 20980.7301612 5.50882547509
n 236 1163.25657879 1.32479220814
n 237 1691.7521001 0.807452088435
n 238 25758.7234641 10.3033917847
n 239 20268.1037766 9.84704111951
n 240 10804.5044777 3.9579315169
n 241 1191.02143099 0.653445429057
n 242 4965.03007001 2.67373130883
n 243 157.473482398 0.259009057425
n 244 30.804218704 0.00696594737381
n 245 862.712023863 1.03992509368
n 246 4714.59431896 1.2237831873
n 247 315373.535327 50.8690204464
n 248 692.527489131 0.0577908070553
n 249 316.321609995 0.11764974835
n 250 100.929107978 0.0236294955868
n 251 613.81508484 0.463250571101
n 252 962.255148567 0.610402350332
n 253 985.879893925 0.3345923886
n 254 2485.91396011 0.598153327078
n 255 1000.42662077 0.314283720189
n 256 652.958579983 0.223341099282
n 257 891.129268915 0.504324421717
n 258 212.402094381 0.206348017576
n 259 23.13784702 0.00121967335542
n 260 19.2931099368 0.0357865308627
n 261 18.8311935838 0.0234408892904
n 262 236.942148179 0.145375978179
n 263 227.059928335 0.0520312276832
n 264 481.036073122 0.312713129412
n 265 99.8217274286 0.0966353764855
n 266 25.0059003668 0.00988321363163
n 267 297.53433233 0.164896876346
n 268 86.7864371181 0.0954651888049
n 269 99.0017106655 0.104289398216
n 270 0.18103505 0
n 271 55989.0515761 3.27365128652
n 272 10441.6868317 0.460268767892
n 273 6092.10690035 0.175730463496
n 274 61029.1682289 5.22368724016
n 275 22109.1931825 1.03370572142
n 276 29430.1721384 1.62741079415
n 277 161053.627128 15.5900276667
n 278 0.807104882 0.000515355924124
n 279 6372.64180387 1.40522228007
n 280 760.426613824 0.178509505168
n 281 1049.10314768 0.276080333679
n 282 1144.45583463 0.488583842809
n 283 194.820969219 0.0793726550582
n 284 312.761270765 0.00132184656912
n 285 416.820255731 0.000666614618187
n 286 5895.16162357 0.00534892046325
n 287 1982.85977869 0.00403879786231
n 288 0.00285235 8.93639950089e-08
n 289 123.861271063 0.00347548316408
n 290 168.430254201 0.00264979062433
n 291 104.970512011 0.00151480124059
n 292 5153.6038189 0.0434318875588
n 293 14812.3952502 0.00804852365538
n 294 6455.30541587 0.00210812330919
n 295 21089.1599868 0.0326527048636
n 296 16237.3880225 0
n 297 222763.597066 0.078715005531
n 298 7123.82050322 0.00820293048532
n 299 2957.32901133 0.00418444517797
n 300 10820.1765047 0.0219289551025
n 301 128.307592849 0.000528069932675
n 302 2745.01939053 0.0135328913877
n 303 9252.74145189 0.0102091095424
n 304 10017.5950988 0.0108328102773
n 305 288.9627986 0.000449071944543
n 306 267.079915472 0.000438905872261
n 307 887.799540988 0.00161951706409
n 308 4806.77869614 0.00424756769196
n 309 1758.51956175 0.000859785922037
n 310 9482.35401575 0.0253926062694
n 311 767.325690892 0.000816777395482
n 312 285.338309605 0.000725653170115
n 313 17005.7234875 0
n 314 31693.2283204 0
n 315 123238.412054 0
n 316 121417.416507 0.0258253432918
n 317 129.138176 1.39370182742e-05
n 318 28.692608 3.09660097747e-06
n 319 1547.33787014 0
n 320 67419.7792108 0.0463334270838
n 321 13891.155634 0.00881102541741
n 322 177831.963239 0
n 323 125948.358906 0.109041706466
n 324 3701.51437303 0.000953504892789
n 325 20266.4413409 0.0104041986537
n 326 111775.792247 0.0407847046228
n 327 323833.838106 0.0382307484418
n 328 517235.353581 0.138799348558
n 329 66103.72006 0.0101718213966
n 330 45691.9169703 0.0120480701104
n 331 13669.6492943 0.00291623897637
n 332 284869.468012 0.102808505835
n 333 2440.19339063 0.00654473103618
n 334 1330.74380015 0.0010681332044
n 335 23265.4651097 0.00612788653968
n 336 1817.43372533 0.00390649343307
n 337 121624.002736 0
n 338 64090.8159377 0.0677299740724
n 339 11351.842593 0.00249591979426
n 340 2182.78406347 0
n 341 869.485008996 7.077473795e-05
n 342 4528.1631171 0
n 343 26021.4394561 0.0025313111416
n 344 233.882143379 0.000535225315096
n 345 1968.29666599 0.00480370220847
n 346 595.398542156 0.00113200831237
n 347 1125.07093809 0.00194610793753
n 348 6099.08798919 0.0203419708073
n 349 1331.86237744 0.00292171703445
n 350 816.515767617 0.00432816866792
n 351 12523.3013328 0.000890166815153
n 352 61.8420621019 5.67064861509e-05
n 353 9597.26477669 0
n 354 22305.3803457 0.00443778555885
n 355 73677.9994024 0.00858380488924
n 356 148017.079725 0.013726205594
n 357 2643.21434416 0.00587183412103
n 358 38097.275278 0.0237113875741
n 359 49371.279822 0.0229218357696
n 360 13158.0377705 0.00311450325372
n 361 14674.5175426 0.00144539773367
n 362 19379.7477757 0
n 363 66932.5837497 0
n 364 2828.75426579 0
n 365 23201.0938834 0.00314987985551
n 366 1015.0436855 0
n 367 737.93442113 0.0002910789567
n 368 14852.0285379 0.00432876878213
n 369 400.719085569 0
n 370 3213.25023621 0
n 371 3798.45125332 0.00349671373384
n 372 2747.37830269 0.00876937246754
n 373 5336.0237119 0.0292541573234
n 374 190.811528505 0.000142646271441
n 375 12498.8306769 0.0493680016053
n 376 1150.40152774 0.000645642727145
n 377 2028.05434159 0.00170387977374
n 378 822.194077534 0.000354731748098
n 379 397.81981825 0.000205165868735
n 380 566.794338906 0.000369866850782
n 381 4754.82108539 0.00772347224782
n 382 2093.40326583 0.00067431057519
n 383 2735.29679606 0.0020491709949
n 384 11117.0232271 0.00745256871522
n 385 105640.583407 0.0340616890505
n 386 5630.53251386 0.00252374453231
n 387 68257.2116588 0.0823149907184
n 388 1963.65616972 0
n 389 1091.19992531 0
n 390 900.718215302 0.000276666502799
n 391 4862.3784456 0.00388814710038
n 392 1156.41503897 0.000759310000263
n 393 380.982448142 0.000116258791921
n 394 431.94866815 0.000359603959701
n 395 354.461006737 0
n 396 440.892693429 9.18265836312e-05
n 397 777.539176382 0.00118831614432
n 398 1452.55714307 0.00481570785371
n 399 23094.7404341 0.116503273202
n 400 2.836584 4.95191535563e-06
n 401 1736.06509288 0
n 402 86.9469075893 0
n 403 8389.08044574 0.00799777015398
n 404 7420.71727627 0.0293414700477
n 405 252.58355941 0.00171253320589
n 406 1012.22651529 0.00556671188606
n 407 4789.83762923 0.0259470828301
n 408 1836.8741447 0
n 409 95.0392200212 0
n 410 2446.7026826 0.00415759496745
n 411 4787.91625056 0.0276974507867
n 412 581.993115418 0.000320893720243
n 413 25600.4194259 0.072714375874
n 414 1086.20104356 2.04698742508e-05
n 415 1760.71671495 0.000834049691157
n 416 313.509293257 7.17944204656e-05
n 417 4501.51161234 0.00555321660095
n 418 4660.02112445 0.00265119347648
n 419 27612.6456733 0.117444858559
n 420 143.147527822 0
n 421 851.382614522 0.000370012913716
n 422 995.68951008 0.00120869615749
n 423 1457.28513842 0.00379325625748
n 424 332.057134739 0.000448024577943
n 425 3734.8221028 0.0147784126246
n 426 488.052843137 0.00118490280593
n 427 17.7337307433 1.9068272925e-05
n 428 184.182547211 0.000458620122468
n 429 988.040225392 0.00242900784651
n 430 847.939406189 0.00316435517538
n 431 537.557518288 0.00193584095612
n 432 437.669871479 0.00172944709445
n 433 696.404986966 0.00333662856333
n 434 4798.40604305 0.0225901737211
n 435 149990.523532 0
n 436 54659.2987902 0.0154212618525
n 437 7115.05035456 0.0115705683529
n 438 187.558224103 8.07602631546e-05
n 439 453.059810738 0
n 440 24970.3797575 0.00802049566934
n 441 7537.20542358 0.0159861426216
n 442 2168.65549019 0.00113655794536
n 443 5689.570805 0.000573064886927
n 444 3432.03172272 0.00350289923813
n 445 1606.07547536 0.00133129582504
n 446 2155.17753972 0.00285688029987
n 447 9.57742278851 3.3959475939e-05
n 448 6096.48824428 0.00313988720801
n 449 1283.15187665 0.00285567527015
n 450 41.5715798484 9.03628130914e-05
n 451 178.780123927 0.000430372723009
n 452 1207.31166887 0.00320225337245
n 453 1858.54413005 0.0104105716364
n 454 306.120471969 0.000421405238767
n 455 36.4844560243 0.000140265944232
n 456 752.808682499 0.00251273284961
n 457 793.652783479 0.0057320732321
n 458 12250.6641955 0.00208743738114
n 459 19730.1745438 0.00453888695157
n 460 219852.219391 0.149418644999
n 461 12266.9690586 0.00464625883347
n 462 385.864624405 0.000363771455186
n 463 2002.43257262 0.00314873152992
n 464 1070.20590774 0.00128987609434
n 465 768.168196438 0.000300717677119
n 466 3088.30555167 0.00279783827537
n 467 1222.39579569 0.000708274217033
n 468 594.537963001 0.000646967172293
n 469 535.481922796 0.000985561922914
n 470 175.427220021 7.9426689097e-05
n 471 268.591526952 0.00025244766605
n 472 2046.88200101 0.0028412028878
n 473 128.754248657 0.000253747222131
n 474 197.527300062 0.000428755109374
n 475 542.128589226 0.000849297917487
n 476 148.852904555 6.7972433544e-05
n 477 86.7195636864 7.930949223e-05
n 478 451.022185744 0.00078104230683
n 479 178.437228245 8.727427514e-05
n 480 86.1696240454 0.000130708965233
n 481 206.890627575 0.000369508243389
n 482 877.521882024 0.00136676871483
n 483 1088.84057161 9.6047646473e-05
n 484 4646.56606524 0
n 485 3915.45257217 0.00333774320312
n 486 213.609223366 0.000182726468555
n 487 270.831712254 0.00031113528338
n 488 1033.38295615 0.000851316477168
n 489 3964.73601534 0.00481019591429
n 490 2905.37667408 0.00154765214713
n 491 32168.8306201 0.0558658400937
n 492 8200.2451344 0.0122967482465
n 493 6658.6337053 0.00106773683518
n 494 539.216057334 0.000326177231968
n 495 1661.98877323 0.0108378636191
n 496 74.4448192 2.08553581215e-06
n 497 4617.59663848 0.0210995161302
n 498 1469.99420229 0
n 499 16231.4822979 0.00740849077583
n 500 56.3670929325 0.00033678375772
n 501 229.528483703 0.000361733487524
n 502 1989.87715398 0.00856688855301
n 503 21312.0541382 0.057117273459
n 504 136.356472791 0.00131868562629
n 505 138.960129279 0.00140082075151
n 506 235.512296733 0.00180974936524
n 507 1203.20749718 0.00877129150444
n 508 0.0 0
n 509 1380.83790143 0.0161632163019
r 0
e 0 1 107
e 0 2 88
e 0 3 191
e 0 4 235
e 0 5 239
e 0 6 244
e 0 7 248
e 0 8 207
e 0 9 209
e 0 10 222
e 0 11 111
e 0 12 178
e 0 13 77
e 0 14 180
e 0 15 81
e 0 16 196
e 0 17 198
e 0 18 324
e 0 19 468
e 0 20 475
e 0 21 496
e 0 22 469
e 0 23 428
e 0 24 420
e 0 25 346
e 0 26 440
e 0 27 467
e 0 28 94
e 0 29 325
e 0 30 115
e 0 31 91
e 0 32 93
e 0 33 194
e 0 34 263
e 0 35 90
e 346 347 97
e 347 348 96
e 341 342 320
e 342 343 319
e 349 350 271
e 298 303 183
e 299 300 83
e 296 313 179
e 297 298 85
e 297 299 181
e 294 295 79
e 199 204 502
e 198 199 501
e 198 200 500
e 198 201 497
e 195 196 485
e 195 197 486
e 195 198 495
e 196 205 484
e 190 191 474
e 192 193 478
e 192 194 481
e 271 272 36
e 272 273 35
e 273 274 34
e 274 275 33
e 275 276 38
e 276 277 37
e 277 278 23
e 279 280 30
e 279 281 22
e 449 454 165
e 449 455 162
e 448 449 168
e 448 450 161
e 442 443 164
e 441 444 172
e 440 441 175
e 440 442 146
e 446 447 156
e 445 446 155
e 108 109 464
e 109 110 465
e 102 103 460
e 103 104 466
e 100 113 399
e 101 102 459
e 107 108 462
e 104 105 463
e 104 106 400
e 104 107 461
e 39 40 265
e 33 44 193
e 32 46 195
e 30 48 113
e 37 38 186
e 36 37 89
e 35 36 187
e 34 39 264
e 438 448 170
e 439 445 154
e 435 437 163
e 435 438 152
e 435 439 147
e 435 440 174
e 432 433 279
e 433 434 278
e 430 431 281
e 431 432 280
e 339 340 105
e 339 341 321
e 338 344 314
e 335 337 205
e 334 345 269
e 334 346 100
e 337 338 206
e 337 339 322
e 331 332 103
e 330 351 203
e 332 333 99
e 332 334 101
e 332 335 104
e 332 336 98
e 345 349 270
e 6 476 245
e 99 100 455
e 99 101 458
e 98 99 456
e 91 92 450
e 91 93 451
e 90 91 449
e 93 94 457
e 93 95 507
e 94 96 452
e 97 98 454
e 96 97 453
e 238 240 437
e 234 247 28
e 235 237 432
e 235 238 434
e 235 239 433
e 237 241 394
e 231 279 32
e 232 271 40
e 233 234 26
e 233 235 436
e 233 236 431
e 1 492 106
e 1 493 108
e 1 494 299
e 1 495 61
e 1 496 62
e 142 143 332
e 142 144 347
e 142 145 327
e 142 146 328
e 143 147 348
e 141 142 372
e 130 131 382
e 130 132 340
e 130 133 384
e 130 134 354
e 130 135 338
e 130 136 353
e 498 499 301
e 499 500 109
e 499 501 302
e 134 137 339
e 494 498 300
e 139 140 383
e 139 141 330
e 138 148 371
e 490 491 188
e 493 503 293
e 25 138 329
e 25 139 331
e 26 74 374
e 26 75 441
e 27 51 385
e 27 52 361
e 27 53 369
e 27 54 368
e 27 55 380
e 27 56 381
e 27 57 388
e 27 58 345
e 20 175 479
e 21 164 490
e 23 149 427
e 23 150 390
e 23 151 426
e 23 152 422
e 406 407 173
e 405 406 305
e 404 405 306
e 403 404 227
e 402 408 137
e 401 402 132
e 401 403 228
e 409 410 136
e 408 409 135
e 379 380 312
e 378 379 311
e 371 372 143
e 370 371 151
e 372 373 171
e 374 375 72
e 377 378 310
e 376 377 309
e 393 394 67
e 392 393 69
e 88 89 446
e 89 90 448
e 397 398 73
e 396 397 141
e 395 396 68
e 394 395 139
e 82 85 447
e 399 400 76
e 81 114 358
e 86 87 444
e 87 88 445
e 85 86 443
e 7 464 249
e 7 465 257
e 244 245 506
e 247 248 27
e 247 249 1
e 247 250 13
e 247 251 12
e 247 252 11
e 247 253 19
e 247 254 20
e 241 242 395
e 241 243 505
e 243 244 504
e 242 246 435
e 249 262 2
e 458 459 212
e 459 460 214
e 450 451 159
e 451 452 158
e 452 453 169
e 454 456 167
e 456 457 166
e 178 179 472
e 178 180 407
e 178 181 477
e 178 182 471
e 178 183 470
e 178 184 402
e 177 195 494
e 176 177 482
e 176 178 476
e 175 176 480
e 173 174 498
e 171 172 417
e 171 173 499
e 170 171 492
e 180 192 406
e 181 186 405
e 186 187 509
e 187 188 404
e 184 185 403
e 188 189 410
e 189 190 473
e 11 314 221
e 11 315 218
e 10 324 223
e 13 293 80
e 13 294 78
e 12 296 272
e 12 297 182
e 15 217 82
e 17 214 200
e 16 215 197
e 322 323 219
e 320 321 47
e 326 458 211
e 327 328 215
e 324 325 224
e 328 329 119
e 328 330 201
e 328 331 95
e 329 355 120
e 201 202 503
e 202 203 418
e 205 206 483
e 207 208 416
e 206 207 412
e 209 210 409
e 209 211 411
e 209 212 413
e 208 209 414
e 77 78 397
e 76 77 439
e 75 76 438
e 74 118 352
e 74 119 334
e 74 120 333
e 74 121 349
e 74 122 336
e 74 124 373
e 78 79 356
e 78 80 376
e 78 81 359
e 78 82 442
e 78 83 396
e 78 84 398
e 8 461 208
e 122 123 351
e 124 125 335
e 125 126 337
e 126 127 350
e 126 128 326
e 129 130 355
e 414 415 230
e 415 416 65
e 416 417 145
e 417 418 150
e 410 411 157
e 412 420 291
e 413 414 138
e 418 419 176
e 319 320 216
e 318 319 46
e 310 312 185
e 317 318 45
e 316 317 44
e 315 316 217
e 314 322 220
e 496 497 60
e 3 489 189
e 368 369 70
e 368 370 149
e 369 374 71
e 366 367 307
e 366 368 74
e 367 376 308
e 364 382 63
e 365 366 148
e 362 363 129
e 363 364 128
e 363 365 134
e 360 361 125
e 360 362 231
e 361 385 160
e 380 381 313
e 382 383 133
e 383 384 144
e 385 386 229
e 385 387 225
e 386 412 292
e 386 413 177
e 387 388 130
e 387 389 131
e 388 401 153
e 389 390 64
e 258 259 17
e 259 260 15
e 66 67 344
e 66 68 386
e 67 69 343
e 250 255 14
e 256 257 41
e 257 258 16
e 255 256 42
e 506 507 297
e 506 508 296
e 507 509 298
e 505 506 295
e 503 504 110
e 503 505 294
e 501 502 303
e 469 470 251
e 465 466 258
e 464 469 250
e 467 468 260
e 466 467 259
e 461 462 261
e 462 463 262
e 168 169 489
e 169 170 415
e 164 165 488
e 165 166 487
e 166 167 493
e 167 168 491
e 160 161 393
e 160 162 391
e 161 163 392
e 9 326 213
e 9 327 210
e 356 358 226
e 356 359 127
e 355 356 121
e 355 357 122
e 353 354 204
e 352 353 202
e 351 352 102
e 359 360 124
e 358 435 126
e 358 436 123
e 217 218 29
e 215 216 199
e 210 213 408
e 218 219 118
e 218 220 316
e 218 221 57
e 218 222 304
e 218 223 117
e 218 224 55
e 218 225 53
e 218 226 56
e 218 227 52
e 218 228 51
e 218 229 48
e 218 230 43
e 218 231 31
e 218 232 39
e 218 233 25
e 219 292 58
e 289 291 317
e 4 483 236
e 280 282 24
e 282 283 21
e 285 286 49
e 284 287 50
e 263 264 6
e 262 263 5
e 260 261 18
e 267 268 8
e 267 269 9
e 266 267 4
e 265 266 3
e 264 265 7
e 269 270 10
e 58 59 362
e 58 60 365
e 58 61 364
e 58 62 387
e 58 63 342
e 58 64 363
e 58 65 377
e 54 71 366
e 56 70 379
e 62 66 378
e 53 72 367
e 52 73 360
e 114 115 341
e 116 117 375
e 111 112 401
e 110 111 508
e 118 129 370
e 429 430 282
e 428 429 283
e 421 422 289
e 420 421 290
e 423 424 287
e 422 423 288
e 425 426 285
e 424 425 286
e 427 428 284
e 426 427 75
e 308 309 274
e 309 310 87
e 309 311 86
e 300 301 84
e 300 302 323
e 303 304 184
e 303 305 275
e 304 308 273
e 305 306 276
e 306 307 277
e 229 284 59
e 229 285 116
e 226 288 54
e 220 289 318
e 220 290 315
e 391 392 140
e 390 391 66
e 151 158 425
e 150 159 429
e 153 154 424
e 153 155 389
e 152 153 423
e 154 156 421
e 154 157 419
e 159 160 430
e 80 116 357
e 398 399 142
e 48 49 112
e 49 50 114
e 46 47 92
e 44 45 192
e 42 43 267
e 40 41 268
e 41 42 266
e 5 479 240
e 489 490 190
e 487 488 234
e 486 487 233
e 484 485 238
e 484 486 232
e 483 484 237
e 481 482 243
e 480 481 242
e 472 473 254
e 473 474 255
e 470 471 252
e 471 472 253
e 476 477 246
e 477 478 247
e 474 475 256
e 479 480 241
