p 25 24 2 6
dam_criteria energy sed_trap status biodiversity ghg dor
node_criteria connectivity sediment
d 342 10.32 0.515374247 1 0.0110223359666 0.0 0.03034373
d 343 2.15 0.0 1 0.0131042543798 0.0 0.0
d 344 6.2 0.256457215 1 0.0307665635855 0.0 0.00574559
d 345 1500.0 0.0 1 2.96657731412 0.4 0.020222233
d 360 25.6 0.096191358 0 0.626723371889 0.0 0.122571081
d 361 40.1 0.05278814 0 0.715086848262 0.0 0.086453329
d 362 9.27 0.0 0 0.454446409615 0.0 0.008905239
d 363 3.0 0.36279957 0 0.00932793427476 0.0 0.010980886
d 364 24.2 0.230732336 0 0.158769975604 0.0 0.049388393
d 365 27.0 0.0 0 0.216685505717 0.0 0.01091018
d 366 270.0 0.546085192 0 0.335401991238 0.1 0.46424587
d 367 26.0 0.325283543 0 0.092504268402 0.0 0.079100327
d 368 1172.0 0.598381375 0 1.49819608721 0.3 1.087274382
d 369 748.0 0.644906959 0 0.736775204104 0.2 0.517650715
d 377 6.6 0.437090895 0 0.0569186797986 0.0 0.052845498
d 378 14.7 0.056602591 0 0.254336390116 0.0 0.05774299
d 379 18.7 0.0 0 0.125912510368 0.0 0.031560618
d 380 30.0 0.402211583 0 0.135146334612 0.0 0.181124869
d 381 22.28 0.592485029 0 0.161685827669 0.0 0.102863634
d 385 49.71 0.267129733 1 0.508978192664 0.0 0.191320153
d 386 7.59 0.278495292 1 0.0341623289588 0.0 0.019358515
d 387 50.0 0.120647473 1 0.287502005617 0.0 0.06136106
d 388 39.5 0.429548129 1 0.147747542477 0.0 0.138403136
d 467 154.1 0.0 0 42.3508833475 13.0 0.209714613
n 0 47553.6900527 0
n 1 650394.913891 10.3469611758
n 2 1931.84467361 0.902521166016
n 3 624.109404525 0.278738703057
n 4 3221.03723001 2.48329265431
n 5 6294.50699594 3.32850448145
n 6 435.198282585 0.316390187223
n 7 268.136583794 0.0138010141836
n 8 476.222904635 0.0388539597807
n 9 9323.59480422 4.2511982295
n 10 2690.0039391 1.88773776833
n 11 900.492405775 0.722724574077
n 12 671.15366044 1.04247579798
n 13 282.724571914 0.245665860567
n 14 31.3724086643 0.0431156752783
n 15 30.7579989386 0.0583555392783
n 16 243.636277026 0.347095905181
n 17 945.976127644 0.722347319903
n 18 133.590743876 0.06297389804
n 19 142.609462315 0.111760112326
n 20 68.4693261489 0.0490791326339
n 21 560.624517436 0.216951453498
n 22 1391.88325824 1.08172041597
n 23 470.524743701 0.352619283769
n 24 3295.23546025 1.85995684599
r 0
e 13 17 378
e 17 18 344
e 17 19 386
e 18 20 343
e 1 2 385
e 1 3 361
e 1 4 369
e 1 5 368
e 1 6 380
e 1 7 381
e 1 8 388
e 1 9 345
e 0 1 467
e 3 24 360
e 5 22 366
e 4 23 367
e 7 21 379
e 9 10 362
e 9 11 365
e 9 12 364
e 9 13 387
e 9 14 342
e 9 15 363
e 9 16 377
